 0 1 1 1 1 2 2  4
 0 1 1 1 1 4 1  7
 0 1 1 1 2 1 1  9
 0 1 1 1 2 1 2  10
 0 1 1 1 2 2 1  11
 0 1 1 1 2 3 1  13
 0 1 1 1 2 4 1  15
 0 1 1 1 3 2 1  19
 0 1 1 1 3 4 1  23
 0 1 1 2 1 1 1  25
 0 1 1 2 1 1 2  26
 0 1 1 2 2 3 1  37
 0 1 1 2 2 4 1  39
 1 1 1 2 2 4 2  40
 0 1 1 2 3 1 2  42
 1 1 1 2 3 2 2  44
 0 1 2 1 1 1 2  50
 0 1 2 1 2 1 2  58
 1 1 2 1 2 2 2  60
 0 1 2 1 2 3 1  61
 1 1 2 1 2 3 2  62
 0 1 2 1 2 4 1  63
 0 1 2 1 3 1 1  65
 0 1 2 1 3 1 2  66
 1 1 2 1 3 2 2  68
 0 1 2 1 3 3 1  69
 1 1 2 1 3 3 2  70
 0 1 2 1 3 4 1  71
 1 1 2 1 3 4 2  72
 0 1 2 2 1 2 1  75
 0 1 2 2 1 4 1  79
 1 1 2 2 2 3 1  85
 1 1 2 2 2 4 1  87
 0 1 2 2 3 1 1  89
 1 1 2 2 3 1 2  90
 1 1 2 2 3 3 1  93
 0 1 2 2 3 3 2  94
 1 1 2 2 3 4 1  95
 0 1 2 2 3 4 2  96
 0 1 3 1 1 1 2  98
 0 1 3 1 1 2 2  100
 0 1 3 1 1 3 1  101
 0 1 3 1 1 3 2  102
 0 1 3 1 2 2 1  107
 1 1 3 1 2 2 2  108
 1 1 3 1 2 3 2  110
 0 1 3 1 2 4 1  111
 1 1 3 1 3 2 2  116
 0 1 3 1 3 3 1  117
 1 1 3 1 3 4 2  120
 0 1 3 2 1 3 1  125
 1 1 3 2 1 3 2  126
 0 1 3 2 1 4 1  127
 1 1 3 2 2 1 2  130
 0 1 3 2 2 3 2  134
 0 1 3 2 2 4 2  136
 1 1 3 2 3 2 1  139
 0 2 1 1 1 1 1  145
 0 2 1 1 1 2 2  148
 0 2 1 1 1 3 1  149
 1 2 1 1 2 2 2  156
 0 2 1 1 3 1 2  162
 1 2 1 1 3 2 2  164
 1 2 1 1 3 3 2  166
 0 2 1 1 3 4 1  167
 0 2 1 2 1 1 1  169
 1 2 1 2 1 2 2  172
 0 2 1 2 1 4 1  175
 1 2 1 2 2 2 1  179
 0 2 1 2 2 4 2  184
 0 2 1 2 3 1 1  185
 1 2 1 2 3 1 2  186
 0 2 1 2 3 2 2  188
 0 2 1 2 3 3 2  190
 0 2 1 2 3 4 2  192
 0 2 2 1 1 3 1  197
 1 2 2 1 1 4 2  200
 0 2 2 1 2 1 1  201
 1 2 2 1 2 3 1  205
 1 2 2 1 3 3 1  213
 0 2 2 1 3 3 2  214
 1 2 2 1 3 4 1  215
 0 2 2 2 1 1 1  217
 0 2 2 2 1 2 2  220
 0 2 2 2 1 3 2  222
 1 2 2 2 1 4 1  223
 0 2 2 2 1 4 2  224
 1 2 2 2 2 1 1  225
 0 2 2 2 2 2 2  228
 0 2 2 2 2 3 1  229
 1 2 2 2 3 1 1  233
 0 2 2 2 3 2 1  235
 0 2 2 2 3 2 2  236
 0 2 2 2 3 4 2  240
 0 2 3 1 1 1 1  241
 0 2 3 1 1 1 2  242
 1 2 3 1 1 3 2  246
 0 2 3 1 2 1 1  249
 1 2 3 1 2 3 1  253
 0 2 3 1 2 3 2  254
 0 2 3 1 2 4 2  256
 1 2 3 1 3 1 2  258
 1 2 3 1 3 2 1  259
 1 2 3 1 3 4 1  263
 1 2 3 2 1 1 2  266
 1 2 3 2 1 2 1  267
 1 2 3 2 1 3 1  269
 0 2 3 2 1 4 2  272
 1 2 3 2 2 1 1  273
 0 2 3 2 2 2 1  275
 0 2 3 2 2 3 2  278
 0 2 3 2 3 3 1  285
 0 2 3 2 3 3 2  286
 0 2 3 2 3 4 2  288
 0 3 1 1 1 4 1  295
 0 3 1 1 2 1 2  298
 1 3 1 1 2 2 2  300
 1 3 1 1 2 3 2  302
 0 3 1 1 2 4 1  303
 1 3 1 1 2 4 2  304
 0 3 1 1 3 1 1  305
 0 3 1 1 3 1 2  306
 1 3 1 1 3 2 2  308
 1 3 1 1 3 3 2  310
 0 3 1 2 1 1 1  313
 1 3 1 2 1 2 2  316
 0 3 1 2 1 3 1  317
 1 3 1 2 1 3 2  318
 0 3 1 2 1 4 1  319
 1 3 1 2 1 4 2  320
 1 3 1 2 2 2 1  323
 1 3 1 2 3 1 2  330
 1 3 1 2 3 2 1  331
 0 3 1 2 3 2 2  332
 0 3 1 2 3 4 2  336
 0 3 2 1 1 1 2  338
 1 3 2 1 1 2 2  340
 0 3 2 1 1 3 1  341
 1 3 2 1 1 3 2  342
 1 3 2 1 2 1 2  346
 1 3 2 1 2 2 1  347
 0 3 2 1 3 1 1  353
 1 3 2 1 3 2 1  355
 1 3 2 1 3 3 1  357
 0 3 2 1 3 3 2  358
 0 3 2 2 1 1 1  361
 0 3 2 2 1 2 2  364
 1 3 2 2 1 3 1  365
 0 3 2 2 1 3 2  366
 1 3 2 2 2 1 1  369
 0 3 2 2 2 2 1  371
 0 3 2 2 2 2 2  372
 0 3 2 2 2 3 2  374
 1 3 2 2 3 1 1  377
 0 3 2 2 3 3 2  382
 0 3 2 2 3 4 2  384
 0 3 3 1 1 1 1  385
 0 3 3 1 1 2 1  387
 0 3 3 1 1 3 1  389
 1 3 3 1 1 3 2  390
 0 3 3 1 2 3 2  398
 0 3 3 2 1 1 1  409
 1 3 3 2 2 1 1  417
 0 3 3 2 2 2 1  419
 0 3 3 2 2 3 1  421
 0 3 3 2 2 3 2  422
 1 3 3 2 3 1 1  425
 0 3 3 2 3 2 1  427
 0 3 3 2 3 4 2  432
