 1 1 1 1 1 3 1  5
 1 1 1 1 1 3 2  6
 1 1 1 1 3 2 1  19
 1 1 1 1 3 3 2  22
 1 1 1 2 1 2 1  27
 1 1 1 2 1 2 2  28
 1 1 1 2 2 3 1  37
 1 1 1 2 2 4 1  39
 1 1 1 2 3 1 2  42
 1 1 2 1 1 1 2  50
 0 1 2 1 1 2 1  51
 0 1 2 1 1 3 1  53
 0 1 2 1 1 4 2  56
 1 1 2 1 2 1 1  57
 0 1 2 1 2 3 1  61
 0 1 2 1 2 3 2  62
 0 1 2 1 2 4 2  64
 0 1 2 1 3 2 1  67
 0 1 2 1 3 4 2  72
 0 1 2 2 1 2 2  76
 0 1 2 2 2 3 2  86
 0 1 2 2 2 4 1  87
 0 1 2 2 2 4 2  88
 0 1 2 2 3 2 2  92
 0 1 2 2 3 3 1  93
 0 1 2 2 3 3 2  94
 0 1 3 1 1 2 1  99
 0 1 3 1 1 4 1  103
 0 1 3 1 2 2 1  107
 0 1 3 1 2 4 1  111
 1 1 3 1 3 1 2  114
 0 1 3 1 3 2 2  116
 0 1 3 1 3 3 1  117
 0 1 3 1 3 4 1  119
 0 1 3 1 3 4 2  120
 0 1 3 2 1 2 2  124
 1 1 3 2 2 1 2  130
 0 1 3 2 2 2 2  132
 0 1 3 2 2 3 2  134
 0 1 3 2 2 4 1  135
 0 1 3 2 2 4 2  136
 1 1 3 2 3 1 1  137
 0 1 3 2 3 2 1  139
 0 1 3 2 3 4 1  143
 0 1 3 2 3 4 2  144
 0 2 1 1 1 3 1  149
 0 2 1 1 1 3 2  150
 1 2 1 1 2 1 1  153
 1 2 1 1 2 1 2  154
 0 2 1 1 2 2 2  156
 0 2 1 1 2 3 1  157
 0 2 1 1 2 4 1  159
 0 2 1 1 2 4 2  160
 0 2 1 1 3 4 1  167
 0 2 1 2 1 2 2  172
 0 2 1 2 1 3 1  173
 0 2 1 2 1 4 2  176
 0 2 1 2 2 3 1  181
 0 2 1 2 2 4 2  184
 0 2 1 2 3 2 2  188
 0 2 1 2 3 4 1  191
 1 2 2 1 1 2 1  195
 1 2 2 1 1 2 2  196
 1 2 2 1 1 3 1  197
 1 2 2 1 2 3 2  206
 1 2 2 1 3 1 1  209
 1 2 2 1 3 1 2  210
 1 2 2 1 3 2 2  212
 1 2 2 1 3 3 2  214
 1 2 2 1 3 4 2  216
 1 2 2 2 1 1 1  217
 1 2 2 2 1 3 2  222
 1 2 2 2 1 4 1  223
 1 2 2 2 1 4 2  224
 1 2 2 2 2 2 1  227
 1 2 2 2 3 4 1  239
 1 2 3 1 1 1 1  241
 1 2 3 1 2 1 1  249
 0 2 3 1 2 3 1  253
 1 2 3 1 3 1 2  258
 0 2 3 1 3 3 1  261
 0 2 3 1 3 4 2  264
 0 2 3 2 1 3 2  270
 1 2 3 2 2 1 1  273
 1 2 3 2 2 1 2  274
 0 2 3 2 2 2 1  275
 0 2 3 2 3 3 2  286
 1 3 1 1 1 1 1  289
 1 3 1 1 1 1 2  290
 1 3 1 1 2 1 1  297
 0 3 1 1 2 2 2  300
 0 3 1 1 3 2 2  308
 1 3 1 2 1 1 1  313
 0 3 1 2 1 2 2  316
 0 3 1 2 2 2 2  324
 0 3 1 2 2 3 2  326
 0 3 1 2 3 2 2  332
 1 3 2 1 1 1 1  337
 0 3 2 1 1 4 2  344
 1 3 2 1 2 1 2  346
 0 3 2 1 2 4 2  352
 1 3 2 2 1 1 1  361
 1 3 2 2 1 1 2  362
 0 3 2 2 1 3 2  366
 1 3 2 2 3 1 1  377
 0 3 2 2 3 2 1  379
 0 3 2 2 3 4 1  383
 1 3 3 1 1 1 1  385
 1 3 3 1 1 2 1  387
 1 3 3 1 1 4 2  392
 1 3 3 1 2 3 2  398
 1 3 3 1 2 4 2  400
 1 3 3 1 3 1 2  402
 1 3 3 1 3 2 1  403
 1 3 3 1 3 2 2  404
 1 3 3 1 3 4 2  408
 1 3 3 2 1 1 1  409
 1 3 3 2 1 3 2  414
 1 3 3 2 1 4 1  415
 1 3 3 2 1 4 2  416
 1 3 3 2 3 1 2  426
 1 3 3 2 3 2 2  428
 1 3 3 2 3 3 2  430
 1 3 3 2 3 4 2  432
